0,000741959
0,000764132
0,000741959
0,000868082
0,00112104
0,000733137
0,000733137
0,0015049
0,000567198
0,000607014
n=120
0,0047431
0,00481892
0,011436
0,00582194
0,00745893
0,00566983
0,00440288
0,00577617
0,00434589
0,00563693
n=240
0,0342939
0,0431089
0,035996
0,0380459
0,0358381
0,0414579
0,0375981
0,037365
0,0344422
0,0351338
n=480
0,272472
0,271506
0,272879
0,272471
0,272333
0,271691
0,272639
0,272674
0,272359
0,270686
n=960 
2,20547
2,2206
2,20626
2,21222
2,21881
2,21211
2,21244
2,21848
2,28998
2,24733
n=1920 
17,5749
17,971
17,9368
17,9824
17,5812
18,265
18,1679
18,051
18,005
18,0786
n=3840

141.87
