A[0,*]= 0,121,88,INF,90,92,187,91,91,INF,150,180,115,60,178,182,60,145,121,152,120,146,124,155,149,153,118,118,124,119,182,117,185,157,118,30,150,122,89,150,151,88,120,178,155,149,154,150,213,116,153,124,123,INF,148,148,125,147,124,INF
A[1,*]= INF,0,INF,INF,INF,INF,INF,INF,INF,INF,INF,INF,INF,INF,INF,INF,INF,INF,INF,INF,INF,INF,INF,INF,INF,INF,INF,INF,INF,INF,INF,INF,INF,INF,INF,INF,INF,INF,INF,INF,INF,INF,INF,INF,INF,INF,INF,INF,INF,INF,INF,INF,INF,INF,INF,INF,INF,INF,INF,INF
A[2,*]= INF,89,0,INF,112,117,121,117,60,INF,84,95,87,87,144,116,87,57,120,121,121,89,90,89,116,152,30,87,93,31,94,29,119,91,85,57,89,91,114,87,63,89,59,121,86,118,88,62,147,84,92,85,57,INF,114,116,57,59,58,INF
A[3,*]= INF,87,94,0,115,87,153,29,57,INF,89,150,119,64,30,120,86,60,114,115,124,112,60,121,92,60,91,84,87,89,121,89,151,123,88,113,61,61,115,143,119,92,31,144,121,59,92,89,151,31,92,88,92,INF,118,63,118,119,90,28
A[4,*]= INF,INF,INF,INF,0,INF,INF,INF,INF,INF,INF,INF,INF,INF,INF,INF,INF,INF,INF,INF,INF,INF,INF,INF,INF,INF,INF,INF,INF,INF,INF,INF,INF,INF,INF,INF,INF,INF,INF,INF,INF,INF,INF,INF,INF,INF,INF,INF,INF,INF,INF,INF,INF,INF,INF,INF,INF,INF,INF,INF
A[5,*]= INF,89,27,INF,116,0,148,87,61,INF,60,118,63,63,92,120,90,84,29,121,123,65,60,116,59,61,57,88,93,58,121,56,146,118,89,84,88,92,90,58,86,91,58,97,90,95,94,89,151,30,89,87,31,INF,87,62,33,63,85,INF
A[6,*]= INF,146,90,INF,145,88,0,169,117,INF,141,147,144,144,180,173,144,114,117,178,178,146,142,148,88,149,87,144,150,121,179,116,206,178,118,114,57,148,171,144,115,146,27,178,143,175,146,147,204,118,144,142,88,INF,116,150,114,116,145,INF
A[7,*]= INF,149,87,INF,151,60,155,0,121,INF,120,178,123,123,152,150,150,144,89,94,183,98,33,123,119,121,117,121,66,118,128,63,153,125,149,144,148,152,150,118,146,151,118,130,123,128,122,96,181,90,149,147,91,INF,147,122,93,121,92,INF
A[8,*]= INF,30,57,INF,59,61,96,61,0,INF,59,97,85,30,119,91,29,95,60,61,90,55,91,64,90,92,87,27,33,64,91,86,94,66,87,56,120,31,58,89,65,58,90,87,64,58,63,59,122,58,62,33,92,INF,92,90,94,62,33,INF
A[9,*]= INF,115,61,INF,63,65,121,88,118,0,121,144,33,128,125,116,33,118,55,56,151,60,86,89,85,87,91,87,28,84,155,90,119,91,89,116,150,122,60,84,112,119,120,92,89,90,88,123,147,95,115,113,96,INF,113,127,98,87,58,INF
A[10,*]= INF,91,96,INF,59,121,153,120,62,INF,0,94,89,89,146,118,89,59,122,123,123,91,117,94,63,154,32,89,95,118,124,61,151,123,32,59,91,93,116,89,90,91,61,123,88,120,91,92,149,86,119,87,89,INF,62,118,59,61,90,INF
A[11,*]= INF,86,118,INF,86,142,90,142,116,INF,119,0,115,115,113,85,115,89,90,115,120,84,115,58,85,122,87,56,87,91,151,116,88,60,115,85,146,91,117,119,88,88,116,116,58,114,57,119,116,87,117,117,118,INF,86,119,114,56,27,INF
A[12,*]= INF,146,85,INF,83,89,206,168,116,INF,149,118,0,146,176,201,57,142,118,177,206,154,141,118,87,150,115,143,149,116,179,114,204,176,56,142,174,147,27,147,114,174,144,186,171,174,173,147,232,114,143,149,120,INF,86,146,122,144,143,INF
A[13,*]= INF,61,33,INF,90,91,127,31,31,INF,90,128,55,0,118,122,60,90,91,92,60,86,64,95,121,123,63,58,64,64,122,62,125,97,111,87,90,62,82,120,96,28,60,118,95,89,94,90,153,56,93,64,90,INF,123,88,90,90,64,INF
A[14,*]= INF,57,84,INF,85,57,123,57,27,INF,59,120,89,57,0,90,56,30,86,88,94,82,30,91,89,118,91,54,60,89,91,59,121,93,58,83,90,31,85,115,90,62,60,114,91,58,62,59,121,57,62,58,87,INF,88,89,90,89,60,INF
A[15,*]= INF,85,96,INF,113,85,124,85,55,INF,87,94,117,85,28,0,84,58,58,59,122,63,58,92,88,90,62,82,31,87,119,87,122,94,86,89,63,59,59,87,115,90,88,95,92,58,90,87,31,85,90,86,94,INF,62,117,89,90,61,INF
A[16,*]= INF,117,28,INF,30,32,149,119,88,INF,92,120,95,95,124,144,0,85,61,149,149,97,92,117,89,93,58,115,121,59,122,57,147,119,58,85,117,119,29,90,91,117,87,129,114,127,116,90,175,62,120,113,63,INF,88,94,65,87,86,INF
A[17,*]= INF,90,92,INF,55,91,121,91,60,INF,117,90,59,60,88,60,89,0,118,119,64,56,87,89,59,150,90,87,91,59,65,29,119,91,28,116,60,91,86,147,60,32,30,88,89,86,32,33,91,27,89,28,57,INF,58,59,117,87,58,INF
A[18,*]= INF,60,63,INF,87,58,124,58,88,INF,118,89,90,94,123,119,117,120,0,92,154,86,31,90,30,32,93,90,64,29,121,56,122,94,60,119,141,119,117,29,57,122,111,118,92,116,91,89,150,61,60,58,84,INF,58,93,91,90,61,INF
A[19,*]= INF,149,87,INF,151,60,155,32,121,INF,120,178,123,123,152,150,150,144,89,0,183,98,33,123,119,121,117,121,66,118,128,63,153,125,149,144,148,152,150,118,146,151,118,130,123,128,122,96,181,90,149,147,91,INF,147,122,93,121,92,INF
A[20,*]= INF,60,59,INF,61,59,149,59,58,INF,82,94,85,85,115,87,31,55,88,93,0,87,32,117,92,120,28,85,65,90,120,57,147,119,83,55,61,89,60,85,62,87,31,119,57,116,61,88,118,82,91,83,85,INF,85,114,55,30,86,INF
A[21,*]= INF,88,115,INF,117,119,95,118,58,INF,61,153,143,88,65,120,87,95,85,86,148,0,95,93,115,117,93,60,58,96,149,122,93,65,93,89,152,89,116,114,123,116,122,32,93,30,92,117,151,91,120,91,150,INF,121,123,120,91,62,INF
A[22,*]= INF,116,54,INF,118,27,122,27,88,INF,87,145,90,90,119,117,117,111,56,61,150,65,0,90,86,88,84,88,33,85,95,30,120,92,116,111,115,119,117,85,113,118,85,97,90,95,89,63,148,57,116,114,58,INF,114,89,60,88,59,INF
A[23,*]= INF,91,60,INF,84,90,156,90,85,INF,61,86,94,115,145,151,114,117,32,116,175,118,63,0,27,64,90,90,88,61,93,88,154,126,57,117,141,33,121,61,54,143,111,150,124,60,123,61,182,83,64,90,84,INF,55,115,117,119,93,INF
A[24,*]= INF,83,33,INF,57,81,149,81,58,INF,117,59,86,88,118,144,87,90,92,115,148,113,54,60,0,124,63,85,87,64,127,62,147,119,30,90,114,89,113,120,27,116,84,145,117,116,116,95,175,56,56,91,57,INF,28,88,90,92,86,INF
A[25,*]= INF,28,142,INF,121,115,125,115,151,INF,154,93,120,150,148,120,150,124,125,149,155,119,88,93,120,0,122,91,121,29,98,33,123,95,150,120,118,126,147,154,61,123,88,151,93,149,92,66,151,122,90,152,61,INF,121,127,148,91,62,INF
A[26,*]= INF,59,85,INF,82,89,121,88,30,INF,54,93,57,57,114,86,57,27,90,91,91,59,88,89,86,122,0,57,63,86,92,29,119,91,55,27,59,61,84,57,61,59,29,91,56,88,59,60,117,54,88,55,57,INF,84,86,27,29,58,INF
A[27,*]= INF,116,87,INF,89,91,123,90,86,INF,89,179,114,59,93,148,59,123,113,114,119,28,123,121,143,145,117,0,86,118,177,116,121,93,117,29,149,117,88,142,150,87,119,60,121,58,120,145,179,31,148,119,122,INF,147,63,124,119,90,INF
A[28,*]= INF,87,90,INF,89,85,93,60,90,INF,93,116,117,118,97,88,118,92,27,28,123,32,58,61,57,59,90,59,0,56,148,83,91,63,87,88,149,94,120,56,84,91,119,64,61,62,60,116,119,88,87,85,111,INF,85,120,117,59,30,INF
A[29,*]= INF,88,113,INF,150,86,154,86,147,INF,146,64,91,149,177,149,148,153,115,120,184,124,59,122,145,147,143,120,92,0,154,89,152,124,147,149,119,155,118,144,32,152,89,156,122,154,121,122,180,116,61,173,62,INF,150,148,119,120,91,INF
A[30,*]= INF,54,142,INF,140,116,182,116,86,INF,118,175,57,116,59,149,114,89,145,147,153,141,89,150,144,177,150,113,119,148,0,118,180,152,113,142,149,90,84,174,149,121,119,173,150,117,121,118,180,116,27,117,146,INF,143,29,149,148,119,INF
A[31,*]= INF,88,118,INF,88,116,92,144,118,INF,121,120,117,117,115,87,117,91,92,117,122,86,117,60,87,124,89,58,89,93,65,0,90,62,117,87,85,93,119,121,90,90,55,118,60,116,59,33,118,89,92,119,28,INF,88,94,116,58,29,INF
A[32,*]= INF,91,83,INF,85,56,151,56,61,INF,116,93,119,91,122,146,59,140,85,90,151,57,29,119,89,117,113,88,62,60,124,59,0,121,58,117,144,92,29,114,61,119,114,89,119,87,118,92,177,86,90,29,87,INF,88,118,89,117,88,INF
A[33,*]= INF,119,111,INF,86,84,30,84,89,INF,144,95,90,91,119,91,87,31,113,118,95,85,57,120,90,145,117,116,90,31,96,60,28,0,59,144,87,120,57,142,63,63,57,117,120,115,63,64,122,58,92,57,88,INF,89,90,117,118,89,INF
A[34,*]= INF,90,64,INF,27,112,152,112,60,INF,119,62,117,90,120,147,89,121,94,121,150,115,85,62,31,126,94,87,93,95,151,93,150,122,0,116,145,91,118,123,58,118,115,147,120,118,119,119,178,58,87,93,88,INF,30,90,121,118,89,INF
A[35,*]= INF,91,58,INF,60,62,157,61,61,INF,120,150,85,30,148,152,30,115,91,122,90,116,94,125,119,123,88,88,94,89,152,87,155,127,88,0,120,92,59,120,121,58,90,148,125,119,124,120,183,86,123,94,93,INF,118,118,95,117,94,INF
A[36,*]= INF,89,33,INF,88,31,151,112,60,INF,84,90,87,87,123,116,87,57,60,121,121,89,85,91,31,92,30,87,93,64,122,59,149,121,61,57,0,91,114,87,58,89,33,121,86,118,89,90,147,61,87,85,31,INF,59,93,57,59,88,INF
A[37,*]= INF,58,112,INF,87,116,148,115,55,INF,28,122,61,85,119,143,84,87,82,83,145,85,113,116,91,114,60,57,55,111,60,89,146,118,60,86,119,0,88,111,118,113,89,117,116,27,115,28,174,88,31,88,117,INF,90,89,87,89,85,INF
A[38,*]= INF,119,58,INF,56,62,179,141,89,INF,122,91,125,119,149,174,30,115,91,150,179,127,114,91,60,123,88,116,122,89,152,87,177,149,29,115,147,120,0,120,87,147,117,159,144,147,146,120,205,87,116,122,93,INF,59,119,95,117,116,INF
A[39,*]= INF,58,98,INF,91,115,95,96,61,INF,118,93,61,65,94,90,90,94,95,120,125,57,88,63,90,127,92,61,92,60,92,27,93,65,117,90,112,92,88,0,61,93,82,89,63,87,62,60,121,32,31,29,55,INF,91,64,119,61,32,INF
A[40,*]= INF,56,81,INF,118,54,122,54,115,INF,114,32,59,117,145,117,116,121,83,88,152,92,27,90,113,115,111,88,60,112,122,57,120,92,115,117,87,123,86,112,0,120,57,124,90,122,89,90,148,84,29,141,30,INF,118,116,87,88,59,INF
A[41,*]= INF,92,91,INF,93,91,181,91,90,INF,114,126,27,61,90,119,63,87,120,125,32,119,64,145,93,152,60,117,97,122,152,89,179,151,83,87,62,121,54,117,94,0,32,151,89,148,93,120,150,28,123,115,93,INF,113,60,87,62,118,INF
A[42,*]= INF,119,63,INF,118,61,181,142,90,INF,114,120,117,117,153,146,117,87,90,151,151,119,115,121,61,122,60,117,123,94,152,89,179,151,91,87,30,121,144,117,88,119,0,151,116,148,119,120,177,91,117,115,61,INF,89,123,87,89,118,INF
A[43,*]= INF,89,117,INF,89,90,63,90,60,INF,92,121,118,90,33,88,89,63,93,118,123,87,63,61,88,125,90,59,90,64,124,92,61,33,91,88,120,64,90,122,91,91,90,0,61,91,60,92,119,90,95,90,120,INF,89,122,117,59,30,INF
A[44,*]= INF,88,114,INF,111,114,122,89,58,INF,83,60,57,86,58,30,86,56,56,57,62,61,87,60,86,88,29,85,29,85,121,58,120,92,84,56,88,89,84,85,90,30,58,93,0,88,88,89,61,56,116,84,86,INF,28,88,56,58,59,INF
A[45,*]= INF,58,85,INF,87,89,121,88,28,INF,31,125,113,58,123,116,57,90,55,56,118,58,86,89,85,87,63,30,28,84,119,92,119,91,63,59,122,59,86,84,93,86,92,90,89,0,88,87,147,61,90,61,120,INF,93,93,90,87,58,INF
A[46,*]= INF,86,118,INF,29,113,90,113,83,INF,92,118,115,113,56,28,112,86,86,87,120,31,86,58,85,118,87,56,59,91,147,115,88,60,114,85,91,87,87,115,88,88,116,63,58,61,0,115,59,87,117,114,118,INF,86,119,114,56,27,INF
A[47,*]= INF,86,174,INF,172,148,214,148,118,INF,150,207,89,148,91,181,146,121,177,179,185,173,121,182,176,209,182,145,151,180,32,150,212,184,145,174,181,122,116,206,181,153,151,205,182,149,153,0,212,148,59,149,178,INF,175,61,181,180,151,INF
A[48,*]= INF,85,65,INF,84,63,148,115,55,INF,58,63,88,85,121,117,58,58,82,83,122,85,113,63,63,114,31,57,55,96,123,60,146,118,57,58,32,86,28,88,90,90,60,117,87,27,90,91,0,59,117,86,63,INF,31,91,58,60,85,INF
A[49,*]= INF,94,66,INF,123,119,160,64,64,INF,121,161,88,33,62,152,93,92,124,125,93,119,92,128,151,156,96,91,97,97,153,95,158,130,120,120,123,93,115,153,129,61,93,151,128,120,124,121,183,0,124,97,123,INF,150,32,123,123,97,INF
A[50,*]= INF,27,115,INF,113,119,236,198,146,INF,179,148,30,176,206,231,87,172,148,207,236,184,171,148,117,180,145,173,179,146,209,144,234,206,86,172,204,177,57,177,144,204,174,216,201,204,203,177,262,144,0,179,150,INF,116,176,152,174,173,INF
A[51,*]= INF,62,89,INF,91,86,123,86,32,INF,89,64,91,62,93,123,61,123,92,93,122,28,59,96,122,124,119,59,65,31,123,89,121,93,119,88,119,63,90,121,32,90,89,60,96,58,95,91,154,90,61,0,62,INF,124,122,119,94,65,INF
A[52,*]= INF,146,90,INF,145,88,208,169,117,INF,141,147,144,144,180,173,144,114,117,178,178,146,142,148,88,149,87,144,150,121,179,116,206,178,118,114,57,148,171,144,115,146,27,178,143,175,146,147,204,118,144,142,0,INF,116,150,114,116,145,INF
A[53,*]= INF,91,57,INF,59,61,157,122,61,INF,60,127,63,91,130,120,29,96,90,122,151,65,121,125,118,122,87,88,94,88,151,86,155,127,87,92,146,92,58,63,95,119,116,97,90,95,94,119,151,91,94,92,92,0,117,123,33,63,94,INF
A[54,*]= INF,60,87,INF,89,91,122,91,30,INF,89,32,115,60,90,117,59,120,64,91,120,85,95,32,59,96,117,57,63,93,121,116,120,92,89,86,150,61,88,93,86,88,120,117,90,88,89,89,148,28,92,63,116,INF,0,60,124,88,59,INF
A[55,*]= INF,87,114,INF,115,87,153,87,57,INF,89,150,119,87,30,120,86,60,116,118,124,112,60,121,119,148,121,84,90,119,121,89,151,123,88,113,120,61,115,145,120,92,90,144,121,88,92,89,151,87,92,88,117,INF,118,0,120,119,90,INF
A[56,*]= INF,58,85,INF,86,89,124,89,28,INF,27,94,30,58,97,87,57,63,88,89,118,32,89,92,90,120,59,55,61,90,119,57,122,94,59,59,118,59,57,30,62,86,88,64,57,62,61,87,118,62,61,59,85,INF,85,94,0,30,61,INF
A[57,*]= INF,30,87,INF,60,86,121,86,85,INF,110,64,84,59,85,57,59,33,83,84,89,62,59,87,92,115,56,87,56,92,98,62,119,91,61,29,93,116,88,112,32,57,63,94,27,92,31,66,88,60,61,61,62,INF,55,92,83,0,58,INF
A[58,*]= INF,59,91,INF,59,115,63,115,89,INF,92,91,88,88,86,58,88,62,63,88,93,57,88,31,58,95,60,29,60,64,124,89,61,33,88,58,119,64,90,92,61,61,89,89,31,87,30,92,89,60,90,90,91,INF,59,92,87,29,0,INF
A[59,*]= INF,60,116,INF,118,120,152,119,59,INF,62,125,144,89,154,147,88,121,86,87,149,89,117,120,116,32,94,61,59,61,130,65,150,122,94,90,150,90,117,115,93,117,120,121,120,31,119,98,178,92,121,92,93,INF,124,124,121,118,89,0
60
0.000737906

A[0,*]= 0,8,7,14,INF,INF,INF,21,16,INF,INF,INF,INF,INF,INF,INF
A[1,*]= 7,0,14,21,INF,INF,INF,28,8,INF,INF,INF,INF,INF,INF,INF
A[2,*]= INF,INF,0,7,INF,INF,INF,14,INF,INF,INF,INF,INF,INF,INF,INF
A[3,*]= INF,INF,14,0,INF,INF,INF,7,INF,INF,INF,INF,INF,INF,INF,INF
A[4,*]= 23,16,22,8,0,INF,INF,15,24,INF,INF,INF,8,INF,INF,INF
A[5,*]= INF,INF,INF,INF,INF,0,INF,INF,INF,INF,INF,INF,INF,INF,INF,INF
A[6,*]= INF,INF,INF,INF,INF,INF,0,INF,INF,INF,INF,INF,INF,INF,INF,INF
A[7,*]= INF,INF,7,14,INF,INF,INF,0,INF,INF,INF,INF,INF,INF,INF,INF
A[8,*]= INF,INF,INF,INF,INF,INF,INF,INF,0,INF,INF,INF,INF,INF,INF,INF
A[9,*]= INF,INF,INF,INF,INF,INF,8,INF,INF,0,INF,INF,INF,INF,INF,INF
A[10,*]= INF,INF,INF,INF,INF,INF,INF,INF,INF,INF,0,INF,INF,INF,INF,INF
A[11,*]= INF,INF,INF,INF,INF,INF,INF,INF,INF,INF,INF,0,INF,INF,INF,INF
A[12,*]= 15,8,22,29,INF,INF,INF,36,16,INF,INF,INF,0,INF,INF,INF
A[13,*]= INF,INF,INF,INF,INF,INF,INF,INF,INF,INF,INF,INF,INF,0,INF,INF
A[14,*]= INF,INF,INF,INF,INF,INF,INF,INF,INF,INF,INF,INF,INF,INF,0,INF
A[15,*]= 7,15,14,21,INF,INF,INF,28,23,INF,INF,INF,INF,INF,INF,0
16
3.79086e-05

