0.000647068
0.000644922
0.000645876
0.000617981
0.000686884
0.000622034
0.000625849
0.000494957
0.000510931
0.000684023

n=120

0.00360799
0.00458503
0.00452995
0.00474501
0,00356698
0,00452805
0,00352097
0,00349689
0,004529
0,00452614

n=240

0,0270469
0,0301299
0,0271852
0,0296481
0,0299559
0,0294371
0,029608
0,03
0,029134
0,0282469

n=480

0,210289
0,209177
0,213634
0,211443
0,214333
0,209637
0,220056
0,219764
0,218176
0,211175

n=960

1,67007
1,66965
1,66343
1,67034
1,67415
1,67624
1,6657
1,67401
1,67259
1,67738

n=1920

13,233
13,3587
13,2934
13,2455
13,4389
13,6274
13,3948
13,3646
13,5443

n=7680

854.203

n= 3840

106.882
104.961
104.88
105.058
104.965
105
105.058
105.566
105.075
106.895


0,000478983
0.000930071
0.000495911
0,00123501
0.000964165
0.000497103
0.000619173
0.000479221
0.000617027
0.000478983
0.000478983
