 
n=10  p=2 
	
0,00241303	115	129
0,00102806	145	89
0,00128412	143	93
0,00126791	151	89
0,00111198	153	90
0,00155401	153	100
0,00195098	115	132
0,00178599	129	130
0,00228095	148	87
0,00157595	144	104
 
n=20  p=2  

0,0365651	2954	2220
0,0405791	2484	2385
0,035996	3015	2408
0,0325029	2758	2169
0,041091	3397	667
0,0306869	3047	2485
0,034411	2479	2297
0,0337181	2570	2761
0,046602	3280	1438
0,0270481	2501	2024
 
n=30  p=2 
 

0,129239	5967	5306
0,121125	4583	5797
0,132506	4845	5674
0,144754	6504	5216
0,161518	5326	5562
0,132782	6215	5249
0,142054	6527	5162
0,122369	4994	5606
0,127547	5881	5325
0,134155	5583	5527
 
 
n=35  p=2 
 

1,06353	39750	34674
1,11494	39390	35486
1,43717	37905	38691
1,43167	38284	37931
1,16536	36130	43017
1,07027	39934	34047
1,05901	39451	35248
1,11389	36519	41935
1,07526	39995	34031
1,14859	36080	43267 
 
n=10  p=3 

	
0,00326705	51	125	130
0,00113606	149	74	123
0,00390196	70	113	104
0,00197816	136	95	95
0,00144315	115	22	145
0,00277114	71	121	155
0,00260305	174	25	119
0,00165915	141	98	98
0,00211906	117	91	98
0,0020442	126	125	95
 
n=20  p=3 
 

	
0,0337372	2318	477	2898
0,03935	2297	2003	2189
0,0342278	2115	1271	2084
0,037394	2238	2040	2365
0,0350361	485	2128	2335
0,0367181	2435	1955	2171
0,035517	2330	478	2835
0,0619812	3165	1944	1477
0,0364649	2439	2313	437
0,0488231	3226	1615	653
 
n=30  p=3 
 

	
0,191995	7747	5894	4269
0,178358	5986	5682	4674
0,162348	5589	4969	5131
0,182484	6910	5813	4719
0,165858	5506	5999	4146
0,162734	5592	4521	5246
0,1621	3692	5947	5109
0,199048	6950	8293	3406
0,21367	9445	7388	2832
0,173761	7584	1439	6129
 
n=35  p=3 
	
1,22303	31014	26395	32138
1,48482	35326	34154	38262
1,48675	39913	39576	36775
1,45837	38200	39363	36923
2,05359	44851	41050	35498
1,98077	40213	37045	41466
1,81479	12628	36307	44308
1,80363	34537	39025	39466
1,33072	13931	39620	39790
1,98434	31595	38950	41695
 
