 
n=10  p=2 
	
0,0067718	74	145
0,00727701	88	128
0,00274587	122	89
0,00187993	145	60
0,00233316	155	58
0,0030961	159	22
0,00160098	156	52
0,007267	70	149
0,00178909	132	86
0,00658989	71	149 
 
n=20  p=2 
	
0,0279551	1393	1684
0,0621669	790	2659
0,030122	1500	1260
0,029695	1348	1761
0,0285959	1161	1584
0,0342209	1628	1580
0,02668	1962	1191
0,0305851	1410	1248
0,0295689	2228	1299
0,031347	1320	1803
 
n=30  p=2 
 
0,0930049	4194	3166
0,0976529	4303	3138
0,119669	3588	3695
0,097955	4123	3258
0,0968301	4173	3202
0,0941939	4086	3300
0,10167	3379	3634
0,104369	4128	3265
0,099355	4264	3123
0,117335	3603	3669
 
 
n=35  p=2 
 

0,800614	28446	23530
0,80162	28743	23267
0,806336	28117	23859
0,812062	28450	24010
1,5598	9807	49331
0,810297	27957	23790
0,824474	27560	24164
0,817211	22954	29257
0,815835	24535	28643
0,802097	28820	23545 


 
n=10  p=3 

	
0,00241899	89	24	93
0,002985	169	33	14
0,00287604	109	40	35
0,00434804	154	41	34
0,00128818	110	77	54
0,00359893	88	66	62
0,001472	110	41	36
0,00413203	93	27	78
0,00244999	88	77	85
0,00310087	222	12	13
 
 
n=20  p=3 
 

	
0,0224319	1048	416	1097
0,0310788	2516	740	345
0,019279	1202	219	1018
0,023463	283	1124	1270
0,021415	737	1032	950
0,022151	1480	378	641
0,0226929	885	935	858
0,0214069	270	1572	1011
0,0310211	405	1614	926
0,0198369	1034	810	767
 
n=30  p=3 
 

	
0,0851669	2690	2653	2565
0,0781891	3081	2548	1797
0,113064	1326	3547	2666
0,0815341	2401	2724	2538
0,097214	3260	713	3569
0,0822301	2536	2607	2521
0,0939581	2388	2349	2134
0,359834	1168	4685	1191
0,0869899	2039	2440	3032
0,445136	7916	3539	2009
 
 
n=35  p=3 		
	
0,97261	11512	23237	23407
0,85487	14037	17175	17332
1,5959	18473	15455	17348
1,31097	17248	13617	16556
1,15037	26681	19706	13281
0,822631	21620	16153	23363
0,941764	19393	8510	18176
1,72093	13560	28450	18328
0,958776	23390	16220	27594
0,902456	26633	23033	5453
 
